chr7	30594877	30634033	ENST00000389266.8	100	+	30594921	30633860	0,0,0	17	266,102,103,142,89,77,146,150,163,165,108,146,86,110,94,191,299,	0,3918,5069,6181,8156,8618,14707,17218,21018,22236,26515,27439,31356,33682,36570,37369,38857,	CDS=30594921:30633860;CDSphase=0;geneID=ENSG00000106105.15;gene_name=GARS1
chr7	140696707	140706643	ENST00000247866.9	100	+	140696744	140704934	0,0,0	4	135,145,104,81,	0,6158,8152,9855,	CDS=140696744:140704934;CDSphase=0;geneID=ENSG00000090266.13;gene_name=NDUFB2
chr7	43639256	43729523	ENST00000223336.11	100	-	43639581	43648614	0,0,0	6	425,77,149,100,53,95,	0,1316,5994,8278,9343,90172,	CDS=43639581:43648614;CDSphase=0;geneID=ENSG00000106603.20;gene_name=COA1
chr7	77793727	77798434	ENST00000257663.4	100	-	77793971	77794373	0,0,0	2	696,181,	0,4526,	CDS=77793971:77794373;CDSphase=0;geneID=ENSG00000135211.6;gene_name=TMEM60
chr7	106090504	106112576	ENST00000011473.6	100	-	106091804	106112529	0,0,0	6	1435,189,208,125,72,98,	0,2444,7185,8653,21635,21974,	CDS=106091804:106112529;CDSphase=0;geneID=ENSG00000008282.9;gene_name=SYPL1
chr7	5045859	5069487	ENST00000396912.2	100	+	5048076	5065601	0,0,0	5	537,59,127,96,5793,	0,2173,11435,11824,17835,	CDS=5048076:5065601;CDSphase=0;geneID=ENSG00000146587.18;gene_name=RBAK
chr7	128954184	129055111	ENST00000265388.10	100	-	128957254	129054770	0,0,0	23	1201,92,113,168,157,95,117,141,61,77,92,192,140,92,108,147,139,176,144,157,74,201,461,	0,3039,13095,15963,18241,20683,21634,24798,25786,28063,29983,32544,35776,37814,39622,43204,46244,46874,50831,60794,62798,63772,100466,	CDS=128957254:129054770;CDSphase=0;geneID=ENSG00000064419.14;gene_name=TNPO3
chr7	100049773	100065040	ENST00000292450.9	100	+	100057006	100064617	0,0,0	4	68,495,193,1253,	0,7137,7924,14014,	CDS=100057006:100064617;CDSphase=0;geneID=ENSG00000166529.16;gene_name=ZSCAN21
chr7	33094796	33109404	ENST00000297157.8	100	-	33095233	33109372	0,0,0	6	636,62,92,130,31,184,	0,1696,2474,4510,5734,14424,	CDS=33095233:33109372;CDSphase=0;geneID=ENSG00000164610.10;gene_name=RP9
chr7	17790760	17940494	ENST00000428135.7	100	-	17794044	17940295	0,0,0	26	3532,113,69,146,72,162,111,108,140,70,38,133,105,194,100,89,139,84,89,102,122,122,90,103,113,211,	0,6066,7929,8248,10827,12658,24073,25421,30748,35261,39249,43291,44000,49046,54834,59586,60065,77646,82767,84719,84908,99602,100785,102571,106573,149523,	CDS=17794044:17940295;CDSphase=0;geneID=ENSG00000071189.21;gene_name=SNX13
